default answer struc + example
-A -B -C -D -E -F -G  ->  -D -C -B -A -F -G -E
45 47 49 53 01 11 38  ->  53 49 47 45 11 38 01

maybe initialising ???

45 47 49 53 01 10 00 
45 47 49 53 01 11 38
45 47 49 53 01 12 00
45 47 49 53 01 13 71
45 47 49 53 01 20 3f
45 47 49 53 01 58 3f
45 47 49 53 01 21 07
45 47 49 53 01 57 07
45 47 49 53 01 22 02
45 47 49 53 01 56 02
45 47 49 53 01 23 00
45 47 49 53 01 55 00
45 47 49 53 01 24 00
45 47 49 53 01 54 00
45 47 49 53 01 25 00
45 47 49 53 01 53 00
45 47 49 53 01 15 00
45 47 49 53 01 16 3b
45 47 49 53 01 09 0a
45 47 49 53 01 14 00
45 47 49 53 01 02 0f
45 47 49 53 01 03 80
45 47 49 53 00 02 80  -> diff answer 53 49 47 45 02 0f 01 -> similar to next line ???
45 47 49 53 01 02 2f
45 47 49 53 06 00 fe  -> picture + data ??? size 32512

get again

45 47 49 53 01 02 0f
45 47 49 53 00 02 0f  -> diff answer 53 49 47 45 02 0f 01 -> similar to next line ???
45 47 49 53 01 02 2f
45 47 49 53 06 00 fe  -> picture (114*57*5) + data (22 ?) ??? size 32512

Initilising while working ???

45 47 49 53 01 02 0f
+ initialising package
